8.21349061560779e-05
0.0444811374059648
-6.35612226077146e-05
0.0281112121239954
0.0230407762553397
-0.0320435348127264
0.029573288908784
0.0448605458361769
0.042264118432419
-0.00197048101019784
0.0218579745826252
0.0146028091059963
0.00848647717818995
0.000832736056088935
0.00552643142352691
0.0339541410111411
0
-0.0845659816024246
0.0560956458172489
0.094385670631361
0.0227516177721206
-0.00376508968817569
0.0195764420209549
0.0249972701131554
0
0.0129703749915773
0
0.000564545468522564
0.0831863551691644
0.0203965865335506
-0.00374691745266926
1.1472145305058e-06
0.0645559737598779
-0.000308269972646958
0
0
0.00804408565222006
8.21349061560779e-05
0.032443123212974
0.000455398033248728
0.00729895462105705
-0.0121553027381719
-0.0121081208897421
0
-0.0112256804515527
7.50557757993442e-08
-0.0066234338151441
-0.00368796213454735
0
0.0184129153621102
-0.030456021944299
-0.0159129900876329
0
0.0237311897345815
0
0.00388958240834724
-0.000575272739363638
-0.0084654198245685
6.61195663190375e-05
0.00895315575007882
0.0225028322734072
0.0175632247288155
-0.000498724531682669
-0.000414363163657917
0.0360702180564537
0.0326748077740473
0.0138145025037378
0.179325895995935
0.0222312059287324
0
-0.00423479409815664
-0.0042063134278456
0.018778652622617
2.05256321025558e-08
0.0166567480563165
0.0545667870173941
0.0169026101793971
0
-0.0179482054755565
-0.00267994108571226
-0.00842093517224314
0.0178137350089746
-0.0156989677038338
0.025222815845666
0.00278723751218381
-0.0183709508732485
-0.059367798238059
-0.0338655072529131
0
-0.00691046725447453
-0.000968721204580921
-0.000573555690804
-0.00224316220276105
-0.089673119923575
-0.00534895726384648
-0.052747355181325
-0.0467442737579606
-0.0221086819126388
0.0074646292213705
0.000786750458285168
0
0
-0.0190097990548796
-0.0040484247442215
-0.0127323744403779
-0.00424365280807907
0.00757282403256283
-0.07566554879573
-0.0115512789082729
-0.0343211118461382
-0.0442594347283729
-0.0484129433237136
-0.0568132776421128
-0.0478613386380745
-0.0681314952375743
-0.0106495021805493
-0.0111153786344398
-0.000943631673244068
-0.00750313779302334
-0.0718289851290007
-0.029842190818677
-0.0347654737708467
-0.0862327492085382
-0.0408425918611916
0.00227626299911883
-0.00501700421159371
-0.00651055006854895
-0.00292028694905473
0
0.0149128231473129
-0.000847601286047019
-0.000600170537864339
-0.020211717492756
-0.0113256411949492
0
-0.0170660201875242
-0.000579698623429515
0.00103287880136283
0.00485898864595113
-0.00212822111112688
0.0543343988776486
0.010035257424642
-0.0034770335000449
0.00385977618914791
0.0276822656862313
0.0253406425943966
0
0
0.0402027430002856
0.00904557204503193
0.0119419011893332
0.0150330537144072
0.0231753186610479
0.0763263860074637
0.0730823308173315
0.0722948221875907
0.0217679628177367
0
0.0405617202929945
0.0161230444456732
0.0242369243497218
-0.00497672836068324
0.039948998868717
0.0131209376446969
0.0924042519112613
0.0552529241796507
0.0514479667989025
-0.0166107409021748
0.0210004558035199
0.0449314690444726
0
0
7.200087308166e-05
-0.0070670683944985
0.000157444639309768
0.0333307929493047
0.0443720140123387
0.0095467967132145
0.0380764535026268
0.00781281525186045
0.00729729418614012
0.00904792611353538
0.00872686277704396
0.0102482721315367
0.0316941040680082
0.0412426007378199
0.0444476654415867
0.0139603688778659
0.0360612906086827
-0.00352827641600735
0.0808798551301213
-0.00287594388584696
0.0217450766572776
0.0180310957082376
-0.0125717352067686
-0.0105579818556004
0
-0.000100732031800035
0
0.00537261572141676
-0.00414453706069029
0.00836533283578319
-0.00430782266736258
0
0.00437610471300147
0.0220136601620209
0.005540624486687
0.0169234688409019
0.00996668319135361
0.00860123710516648
0.009336080887296
0
-0.039532146508487
3.05460416385586e-06
0.0596435196446098
0
-0.00940034030123765
0
0.00799922959531675
2.9425508479686e-07
8.21349061560779e-05
-0.010285322172924
-0.0131322808673575
-0.00961130112630163
0.0207316334575483
0.00422994420944826
0.0129363192555637
-0.00435872915373997
0.00108776912085595
-0.0362822726852349
-0.0147109450072587
0.0104512794165288
0.0227224762525603
-0.00985797264111632
0.00674776913097511
8.21349061560779e-05
0.00975031860718201
0
0.00472163676091129
0.0108795138517587
-0.0124165209301123
0.0166564440802667
0.00611981910228173
-0.0201624608029661
-0.0370881094939255
0.0240636828649638
0.0244700997083181
0
-0.00619216899409687
0.00774977832867704
-0.0509125553136559
0.0111234572014265
0.0182537665516384
-0.0329416163255634
-0.0360964815601594
-0.0506158999674993
0.0153992425813192
-0.0111561889590889
-0.0311603023842182
-0.094916728439167
0.00508967220857446
-0.0404967413017559
-0.0376089761268715
0
-0.0824930410890841
-0.00226564804814923
-0.0193326042715627
-0.0788871825714701
0.0122274939254431
0.0265008682429946
0.0166553669987712
-0.0055023798074251
0.00815750922688231
-0.0124976833578804
-0.00524542223039216
0.0016931933319857
-0.0167546521302269
0
-0.00386780051153122
-0.0359739559920944
0.000981719842760054
-0.015364437371558
0.0114343503543591
-0.0173961765967021
0.0271365606998028
0.0186944170121931
0.0088099934792738
0.0191039105149546
-0.00473351948199008
-0.00515737106344124
0
-0.00134051458507509
0.0329217311841643
0.0291300852241892
0.00269990884748464
-0.0207576491340295
-0.0186116457426648
-0.0276749042886
-0.0283213779988717
-0.00764008433445379
-0.0461885165615047
-0.00498711368167225
-0.0211486418348616
-0.00863829952256852
-0.0183897727186424
0.0851360103710863
0.0540941875742753
0.0179563126513955
0.0231797751385766
0.00459428128755197
0.0674786886505633
0.0207936062782854
0.00437216123708865
0.0275409146454096
0
0.030938290022419
0.00522833775963412
0
0.0112513677490679
-0.00110525209315921
0.00722680843633344
-0.0194207389833055
0.0219278321818648
0.0180173362891495
-0.0330975265447661
0.0647508639028646
0.033149899266519
0.00150039685218845
-0.00216702212243255
0.00219161011838898
0
0
-0.0127769285516357
0
0
0
-0.00860124515362693
0.0158034425946147
0
0.000662366768346741
0.0679253611801652
0.0732658133755393
-0.0172828803495018
-0.0150718425728251
0
0
-0.00493226446598566
0.0399897479102979
-0.00176086347579576
0.0317790636930732
0.0114703824253438
0.0204071066216768
-0.00049094958227066
0.0478659847369942
0.0242438097365121
-0.0110729163796817
0.00453198438318531
0
-0.00590295315160913
-0.019932615418235
-0.10089674948568
0.0398700285467514
-0.0858948724568438
0.000167454302885819
-0.0906223408910529
-0.0256139764104125
0.0126368623134044
-0.0992351829087693
-0.0298168722015587
-0.0640058793246201
-0.0103560713498687
-0.0154518167115986
0.00343264431557387
-0.00587467694654481
0.0135455365072816
0.00513554407888795
0.023907200221986
0.0247837700543707
0.00254751161952407
0.00372670794124641
0
-0.0213113545480421
-0.0116950206223464
0.00728030770882718
-0.00593359912435209
-0.0367842068005075
-0.0141894069564482
-0.00403513928781047
0.00399332162701595
-0.0210064825752825
-0.252687352661666
-0.0417974324260928
-0.0326581174896676
-0.135501724029801
-0.150733440460538
-0.0519203224169735
-0.0221625668501487
-0.00325762166668855
-0.0115862041307085
-0.0032995679636633
-0.0250957233899198
0
0
0
0
-0.00347532463415227
0.0129207370642042
0.0164658617955218
0.047583155627651
7.88586456476724e-08
-0.00300603905022139
0.0253198502027042
0.0114088505419802
0.0270033940255418
0.017631241138653
0.00163506541762822
0.00220666693795672
0.0101988084283245
-0.00108465700114937
0
-0.00263794939127431
-0.0411363893516521
0.0033843181414155
-0.0135568568754126
-0.00739655688134974
-0.00491784400839911
-0.11537270465685
-0.0601340316514817
-0.0732226853103261
0
-0.139425310346835
-0.00792112090719828
-0.0516837144147068
0.00211795167684188
-0.0771602344288695
-0.0316675096303207
-0.093136618173176
0.0051565232109124
-0.00188184220919675
0.0346583586150542
0
0.00782120992640424
0
0.000158359404922874
0.00329917824869783
0.0496193512340697
0.00645208491816585
0.0313058075838635
0.0520337071074653
0.0379801914813865
0.00565632601883045
0.0211513145902281
0.0357946019479984
0.000422560809381698
0.010539461955475
0.00400548180046632
0
0.0217066890459373
0
0
0
0.00825350004795345
0
0.00297034478340134
0
0.00570087824222129
0.0490711557370412
0.00963610002293747
0.0158002754869929
0
0.00139444754560069
0
0.0192611281698926
0
0.00392891466065981
-0.0247605990493023
-3.38647176149457e-07
0.00897973010532506
-0.0355983367630555
0.000872649208307932
0.0217752783583613
1.11927669153753e-07
0.0033901394903762
2.58488801894092e-05
0.0540591710309532
0
0.0185555993068743
2.64592955616494e-06
0
-3.64871831004982e-05
