0.131921229567743
0.0332834120027732
0
0
0.0578110092998828
0.0140243916605353
-0.00110137400096612
-0.00771490862876764
0.00566158290274841
-0.00771490862876764
0.0189302619081631
0
0.00367472061699093
-0.00935566109139627
-0.016786279238871
-0.00771490862876764
-0.0451811997716716
0
0.00100526336187711
-0.00399521201634121
-0.00506945187236851
-0.00771490862876764
-0.0428373729879735
-0.0152273288153406
-0.0401811911205684
0.0198639590404519
-0.0019506571751116
-0.000721125431110592
-0.0204828171716992
-0.0231913676702376
0
0
0.0122131498705221
0.0164910306177031
-0.00951081859730814
-0.0259432088865913
0.0493704485603268
0.0507935167048552
0.00716353293091652
0.188647422092751
0.0121214665283348
0
-0.00840929640983808
-0.0119778665634468
0.00212659248613077
0
0.016416772194056
0.0395373577080338
0.0169896625517995
-0.00241200667138479
0.000889857647879544
0
-0.0141499026605412
-0.0713336592022298
-0.0012435780631836
0.0118320261499955
-0.00763094967441331
-0.106521277699194
-0.0933614917163877
-0.0746494820534036
0.00887738249553321
-0.0406253973864706
0.00116365304152535
-0.00735829491246955
-0.00870038120505722
-0.163060113678996
0.00492192475869666
-0.0637851082098315
-0.0834316312988428
-0.0391143050572497
-0.00213955518192641
-0.00615861983765757
0
0
-0.014734025745042
-0.00728290320329945
-0.0395617700954845
-0.0020656556134649
0.00625455192259876
-0.0886468491852302
0
-0.0598014984848765
-0.0947553892216344
-0.0481073438043112
-0.0591929262981367
-0.0611802769771892
-0.103973683613301
0.0188736215995414
-0.0303890399863933
0.000304891878849607
-0.0778851642842443
-0.0830777183327999
-0.0356259432388603
-0.0409950983665215
-0.108945055936649
-0.0642520171246062
-0.00339497501177285
-0.0246575294431106
-0.0231017770398823
-0.00814823891864492
-0.000883122788918586
-0.00774720100843172
-0.00674913444356253
0.0167995080568356
-0.0250317428003022
0.00315140483893216
0
-0.0170113732532503
0.0166607807713059
0.0175834872862146
0.0225954354471257
-0.0167765300174267
0.0976106295570635
0.0825232163200773
-0.00836844815970861
0.00429094956426745
0.0300092941801509
0.0275083763966953
0
-0.00771490862876764
0.0300086308591723
0.0100505053833647
0.0189771379285452
0.0305395371556389
0.0698435703408614
0.076241358019706
0.0998829224772009
0.0444442585451465
0.0336329494008483
0
0.0591328915492387
0.03453055893253
0.059216576424373
-0.0115941857365754
0.0360328854687701
0.0619439630046529
0.0901219724551717
0.074445339052611
0.0521423358498291
0.0153313660253562
0.0368301862764832
0.0431084295453898
0
0
0.0144131080112253
-0.0204410418619792
-0.00655871139925853
0.0492668733756175
0.0306895873436263
0.00867674257028847
0.148037788467643
0.0127905287276863
0.0122769469573274
-0.00918265854495969
0.0394809033685888
-0.00771490862876764
0.0338854484596265
0.0665323018079365
0.056758544344026
0.00774832478498679
0.0380276182359951
0.00481283051589351
0.0637965909810147
0.00240581960834931
0.000422546854493038
0.0170932034046719
-0.0135268725563402
0
0.00661997751644511
0
-0.00771490862876764
0.0144930000478802
-0.0380099629345954
0.0115901126679782
-0.0307453257237551
0
0.010511227310869
-0.00771490862876764
0.0106523068770475
-0.0687857859524229
0.0284004257318898
-0.0261313792321548
0.0210993142137418
0
-0.022121765751177
0.011065028332903
0.0629634794585221
-0.00252636170000026
-0.0151397182647404
0
-0.00562580301961802
0
-0.00771490862876764
-0.00980013211118889
-0.0184042761472923
-0.0374287432400069
0.00523761573676942
0.00859363791247315
-0.0105022814778242
-0.0132826139940026
-0.00741633153781726
-0.0404289958394808
0.0424500821467199
0.0117398805407939
0.0638592420368017
0
-0.00171037507503376
-0.00771490862876764
-0.0286087275089097
0.00576063692903658
0.00634867674850518
0.0373130158770272
-0.0514328925920746
0.0367164688451157
-0.00771490862876764
-0.00973477895704278
-0.191452114787012
0.0613480515559899
0.0326226132117292
-0.00711599015845842
-0.016602544656896
0.0127549001837454
-0.096896534507965
-0.0311938361939897
-0.00771490862876764
-0.0528204787448612
-0.0650831999440105
-0.0983229564630624
-0.0139387809289766
-0.00829661832545043
-0.0468991539998477
-0.0950278182915649
0.00310727426857401
-0.0861195615990192
-0.069727524062146
-0.00495047645745703
-0.14443231546047
-0.00184901545459784
-0.0691323179197523
-0.116142746454753
-0.0147736677369419
0.0589412894117607
0.00699126960412189
-0.0264938870161306
-0.0110773122677293
-0.0254248078967158
-0.0269806066487129
-0.025749149845384
-0.0155140430758256
0.0244951808969236
-0.0275153283917644
-0.0399949529145507
-0.0042241357244128
-0.0740625296860511
-0.00340307164748247
0.0688518320651748
0.0269336001648611
-0.00293926728527217
0.0196609263596581
0.0109003189695705
-0.00520949408758393
-0.042080736904447
0.00144356001198678
-0.0533480502046826
-0.00771490862876764
0.0213640784047266
-0.00771490862876764
-0.0317615989926517
-0.0492621043570201
-0.0378063041061343
-0.0637620566244915
0.00163358288682255
-0.0820612078173308
0.00540592244624252
-0.0557771010015213
0.0121948601599678
-0.0390038871714941
0.0676654793708482
0.0702911966231149
0.0226471859812658
0.0319195071787663
0.000560720796295333
0.100792180324048
0.016387015876581
0.0131834341995605
0.0297468494475404
-0.00771490862876764
0.025846043406611
0.00118177100857625
-0.00771490862876764
-0.00305309480153097
0.0121663115070156
0.00852276193574474
-0.00345278710439214
0.0133604663875202
0.019876888485573
-0.0259042015202329
0.0498530479741214
0.0239752505258824
0.000932410479694853
-0.00174214332178715
0.00306897839187186
0
0
-0.0303486461589847
-0.00771490862876764
0
-0.0103547621134241
-0.015882984750033
-0.0108567782623883
0.0043316022473978
0.00201015647226218
0.0415778582659241
0.0938189895597112
-0.0389944250205163
0.0318008012327503
0
0.0113644895567392
0.00292672205096305
0.0413351074692189
0.0130115807089419
0.0296187577978425
0.00792024959454071
-0.0132484786500211
-0.0167217736419997
0.0247433916406943
0.0201514078490435
-0.0261961307402239
0.000651610328041337
0.0040697114054207
-0.0392675248248494
-0.00635955795562925
-0.149395304907797
-0.00771490862876764
-0.154359286071856
-0.00139138704297175
-0.12803563316217
-0.0455594745712957
0.0144212980867669
-0.152082029057974
-0.0196986168820557
-0.0460672146991475
-0.0151219444402761
-0.0245917166277956
0.010289349329451
-0.010972253243223
0.0843114297920385
-0.0205934807163087
0.0240868000537347
0.029408360225139
0.000178737042154647
0.00628394732816407
0
-0.0207386371664584
0.00963535791498991
-0.0122069351340752
-0.00282371419476356
-0.0584913215517246
-0.0325546556226017
-0.0230186896375337
-0.0109297188169637
-0.359676539038682
-0.379690795967892
-0.0776210369790278
-0.00771490862876764
-0.142442358369034
-0.223761047940382
-0.0852872778624791
-0.0720159431650082
0.00602741058994841
-0.0482921222811292
-0.00141342823101327
-0.0564098829085057
-0.0017173086155783
0
0
-0.00771490862876764
0.00052032387310735
0.0216514108921315
0.0100819136729851
0.0303542779813337
-0.0470168124099739
0.0414313696872456
0.0169769696390596
0.030625876653863
0.0410565086501009
0.0241774704715011
0.00103991267805223
0.00456901200228756
0.00971864151904441
-0.00150181218643073
-0.00726535016875351
0.00470754655890589
-0.0922948666088809
-0.0101336344122843
-0.0225242838618013
-0.0378661486381136
-0.0161662419820787
-0.231887849451703
-0.120580329837458
-0.127901651998144
-0.00771490862876764
-0.184965718693683
-0.0438286970200832
-0.144747588389908
0.0284321881645772
-0.0137224196783519
-0.0276783600806851
-0.17947426840616
-0.00568766539042982
-0.049636947278168
0.0359735592303197
0
-0.0239791326595956
0
0
-0.000785047962844492
0.043878121605952
0.00202661248748814
0.0578668637693589
0.0574762814729521
0.0356976503921103
0.0128666291938434
0.0262444940059348
0.0304680069411791
0
0.0156126207050431
0.010016352797761
0
0.0212102863352533
0
0
0.0158464288905411
-0.0273483112828515
0
0.001073424016685
-0.00771490862876764
0.00833119363064113
0.0686888248676853
0.0028350725314373
0.00665630107962708
0
0.0012077336784937
0.00908125957827594
-0.000154607269306571
0.00287652371402818
0.00135633927985245
-0.0256202016927074
-0.00629173518435102
0.00292639682430366
0
0.0268331596459621
0
0
0.0175764845463044
0.00856391395710471
0.0633099334633694
0.00468941871340607
0.0218884670762693
0
0.0552437024746961
0
