-0.000157311591148681
-0.000157311591148681
-0.000157311591148681
0.0635260297499658
0.048618181252785
0.0935422883115696
0.107695194619993
0.0826839373544557
0.136585446749807
0.12161496694702
0.0852408982890327
0.0438095159127025
0.0513064283464273
0.0634025947749432
0.0487997856689469
-0.0442526731116677
0.0110102366494923
0.0998694758573264
0.088666952618306
0.0849018629301303
0.18904428655351
0.157945910849416
0.0635602402180553
0.053778997437512
0.0575440871256877
0.0385321905732553
0.0967212756292643
0.117117862162815
0.100400569718568
0.100401716933099
0.164393145224454
0.0808985200826428
0.0605019335490921
0.0642488510017614
0.072291789439451
0.0401789388925471
0.0409426068984427
-0.000157311591148681
0.0482415615194998
0.0360862587813279
0.0159340522393657
-0.0165090709736083
-0.0281901494584097
-0.0354890290236909
-0.0299571601006631
-0.0215370013454683
-0.0215370013454683
0.00810159446819457
-0.0223545025318802
-0.0316440588043691
-0.0279560966698217
-0.00422490693524021
-0.0226378222973504
0.0117077820552958
0.0270454994035651
0.0185800795789966
-0.00508499058926587
0.00386816516081295
0.0224814150258729
0.0406199124940521
0.0485866077869379
0.0481061250569609
0.0752231873633358
0.085395162863976
0.0816464406388982
0.261471061166516
0.284116630258906
0.248046412202452
0.211136810330248
0.193115994398665
0.0325687510253472
0.0103375656222469
0.0269943136785634
0.0857958947941141
0.106904818401357
0.0881261657787398
0.0701779397775511
0.0508412506355223
-0.0121464715541149
-0.0112353467245373
-0.0269343144283711
0.0162367068928514
0.0217038854907474
0.0117538697897421
-0.0654276634572916
-0.0835942030063709
-0.108817018852037
-0.118514723618695
-0.101112493950028
-0.0423182514027726
-0.0106959063526205
-0.100369026276196
-0.0988075162855675
-0.150586150262312
-0.196756868329468
-0.216622388039346
-0.1194846388944
-0.113348931172269
-0.0606015759909438
-0.0138573022329832
-0.0107584193752239
-0.0222714733408159
-0.035790598239479
-0.040034251047558
-0.0324614270149952
-0.0891171767558456
-0.0966200309198971
-0.118208768325657
-0.158224550245951
-0.214210317602228
-0.19535804644861
-0.231668106178412
-0.265478489569848
-0.231868557022025
-0.194570992332751
-0.138701346363882
-0.0983431455188309
-0.102040635410257
-0.121233324048385
-0.144883419184792
-0.230172536720086
-0.263511990788254
-0.189406742660135
-0.164581556053051
-0.136326632350754
-0.0530141700912701
-0.0121715782300785
0.000464981918115538
0.00463438484366222
0.0105447643743468
-0.0067466661693544
-0.0180723073643036
-0.0329851305116165
-0.0492035494130937
-0.0491830774986589
-0.0279384812045401
-0.0117538513636397
-0.0138820724747666
0.0575183465904062
0.0681333026384777
0.0636233903370699
0.0626241778802667
0.0924346646776249
0.0634409083943729
0.0534056509697309
0.0568826844697758
0.0932256512809135
0.0745889576397142
0.0611902162346508
0.0762232699490579
0.0993985886101059
0.135522231617284
0.199558990389584
0.259911911387841
0.266646820491171
0.243471501830123
0.207706836115653
0.150747549743995
0.102689651906126
0.0759449607277062
0.115893959596423
0.0884531769481256
0.164734384413714
0.195750384243643
0.252175079403228
0.195615339632337
0.20349485779116
0.156022074924371
0.10076915074472
0.0493211839458177
0.0660039257210742
0.0379364015230558
-0.00683762288210705
0.0264931700671976
0.0708651840795364
0.0803399799196692
0.125483501816795
0.133138872429345
0.107105373666181
0.0717812857673773
0.0709613518312068
0.0431331704601166
0.0670144592762644
0.100959765827944
0.136359505155995
0.141593011256817
0.167406029733963
0.132183649249948
0.171820903642249
0.124497294314816
0.132282002094227
0.114251807193782
0.105208348403021
0.0137705114172992
0.0166464553031462
-0.00519935338593145
-0.023230449094169
-0.00528609816598361
0.00112734662892647
0.00949267946470967
0.00528558882914713
0.00528558882914713
0.00428907782073183
0.030447275043443
0.0276225666943468
0.0488538582026113
0.0588205413939649
0.0630456737861299
0.050368094511405
0.044827470024718
-0.0116281453246709
-0.0215917739118607
0.0294505086275826
0.0201144277402866
0.010714087439049
0.050246233947536
0.0582424089386889
-0.00140081645083606
-0.0116861386237601
-0.0154180791898799
-0.000157311591148681
-0.0250293803161815
-0.01229697645395
-0.00806732649958655
0.0151543149289011
0.0239278666425187
0.0346269368896762
-0.022386969253107
-0.0413278584698139
-0.0438128983088487
-0.0167316929025485
-0.0276774346645208
0.0153526071516893
0.0398138707661299
0.0293625913496011
-0.000157311591148681
0.0113617518579521
0.0320992383508271
0.0129349482897397
0.0198410737628244
0.0259608928651062
0.0010767953012288
-0.0468908280444554
-0.0104106242493794
-0.00259696862132798
-0.00871678772360971
0.00525350408525951
0.0500913919078621
-0.0248848462707576
-0.0382314887776492
-0.0199777222260108
-0.0467271695574773
-0.0905734294463137
-0.0902767741001571
-0.0860009887202644
-0.115410944230992
-0.113629630289647
-0.172449877168654
-0.11674430499258
-0.172640288875655
-0.199093076043438
-0.16793277365922
-0.155509086309137
-0.162864406565861
-0.141700269535668
-0.182978475980266
-0.170750982054823
-0.0617570727227444
-0.042836057675824
-0.0290058332116863
0.0580388585866661
0.0333136813033426
0.00156739082995592
-0.0133947828368296
-0.0246470551596315
-0.0328045643865138
-0.0241746815401646
-0.0549032153018668
-0.0556146887910924
-0.0542244740324235
-0.0427901236780644
-0.0563184997632353
0.00679201692866196
0.024504714098095
0.0486791449489268
0.0563487051095223
0.0690113622242343
0.0367174304609902
0.0180230134487971
0.00787250538444823
0.021690326053658
0.0555539307598372
0.0634112106707631
0.0426535615367336
0.0253824303791439
-0.0352142050936204
-0.0926656683166813
-0.10300566149862
-0.128436528926095
-0.114811996865102
-0.108285734411364
-0.0886026559350609
-0.0993523443192495
0.0319721826133415
0.091053483869289
0.130158438355546
0.161976513016691
0.184960567022886
0.167303245302363
0.134002664006373
0.120418512592066
0.124779652098899
0.120185370811347
0.0836449721832027
0.0680797036645515
0.0637075424274628
0.0474179955311211
0.0463127434379619
0.0226012618518763
-0.00204781489106334
0.0198800172908015
0.0266459858308831
-0.00534628862072376
0.0521777668458073
0.104748405095632
0.0843209697659555
0.0641366113543734
0.0994257480175285
0.0346748841146639
0.00152498484814493
-0.0127523405556792
-0.0105853184332467
-0.0127769285516357
-0.0127769285516357
-0.0213781737052626
0.00720219744098787
0.00720219744098787
0.00786456420933461
0.0757899253894998
0.157656983918666
0.124570660974549
0.109498818401724
0.108836451633378
0.0409110904532124
-0.0372869873883126
0.0199856408714871
0.0332966199685165
0.0650756836615898
0.0765460660869336
0.101885437174596
0.0614047396820275
0.111031587894817
0.103496333938256
0.0809530351332307
0.0650779128947392
0.0655688624770099
0.0117999245884066
-0.0323765005663405
-0.122200333672339
-0.0868622895087726
-0.172757161965616
-0.166686754511121
-0.237376479983939
-0.162093706908672
-0.189326873142019
-0.202667183593944
-0.232651510098389
-0.206035048531956
-0.190777143471412
-0.218865822496415
-0.116197995272072
-0.0922558000170582
-0.0147043841851566
0.000787231243600042
0.0401462481771846
0.0614973739159815
0.0699195624820503
0.0601007339160152
0.0549651898371273
0.00974663506709918
-0.0267321556096179
-0.0219993595203148
-0.0316596665859133
-0.0684438733864209
-0.061321925794827
-0.0536620444602911
-0.0569490305421023
-0.0720219139930328
-0.287925059854191
-0.315533085323836
-0.344156063525693
-0.48365110918251
-0.613378067067765
-0.412611036823073
-0.392976171247129
-0.36357567542415
-0.239660155525058
-0.0922262830281825
-0.0654016840011288
-0.0432391171509801
-0.0399814954842916
-0.0283952913535831
-0.0250957233899198
-0.00347532463415221
0.00944541243005194
0.0259112742255737
0.0734944298532247
0.0734945087118703
0.0739637942958012
0.0863629074343013
0.0813058961807597
0.0607261345786505
0.0783572968586578
0.0829984013265074
0.05988521806176
0.0586751759481043
0.0305871249214131
0.0129558837827601
0.00868286897385762
-0.0346601873157512
-0.0414746776026602
-0.0539468774769235
-0.0613434343582732
-0.063623328975398
-0.137859644280596
-0.201377994073493
-0.261043822508406
-0.253647265627057
-0.388154731965493
-0.280703148215842
-0.272252830979067
-0.196912193991899
-0.274072428420768
-0.166314627704253
-0.251530124970231
-0.194689887344612
-0.198689681230651
-0.0868710881867268
-0.055203578556406
0.0457542495431742
0.0405977263322618
0.0426379279463814
0.011278747580025
0.0608980988140947
0.0595289738058563
0.0908347813897198
0.142710129092262
0.177391142324951
0.133428117109712
0.148127346781774
0.152616141145909
0.101004994847825
0.0735642653219137
0.0719134211035496
0.0507621065133215
0.0366741936112605
0.0362516328018788
0.0257121708464037
0.0217066890459374
0.0299601890938908
0.00825350004795352
0.0112238448313549
0.0112238448313549
0.0169247230735761
0.0577423787626639
0.0673784787856013
0.0802084094891929
0.0802084094891929
0.0759019787925723
0.0268308230555311
0.0364558512024862
0.0206555757154933
0.0245844903761531
-0.00157055621874985
-0.00157089486592599
-0.0118522929304935
-0.047450629693549
-0.0505068951459009
-0.0039710177382373
-0.003970567163392
-0.00956015777834086
0.026064027864904
0.0792505496875493
0.057475271329188
0.0760307587083932
0.0726432651475732
0.0726174162673837
0.01852175805333
-0.000157311591148681
-0.000157311591148681
